4.176103858333332837e+07
4.029548925864374638e+07
3.889195114437422156e+07
3.754777066988396645e+07
3.626040788940605521e+07
3.502743161649262160e+07
3.384651476680946350e+07
3.271542990035820752e+07
3.163204495458640531e+07
3.059431916021131352e+07
2.960029913193351403e+07
2.864811512655122578e+07
2.773597746130700782e+07
2.686217308560558408e+07
2.602506229953511432e+07
2.522307561290565878e+07
2.445471073878775910e+07
2.371852971579152718e+07
2.301315615357353166e+07
2.233727259629466012e+07
2.168961799897811189e+07
2.106898531193304807e+07
2.047421916861635447e+07
1.990421367250313237e+07
1.935791027872630209e+07
1.883429576642714813e+07
1.833240029793240502e+07
1.785129556103992835e+07
1.739009299085409939e+07
1.694794206776451319e+07
1.652402868830745108e+07
1.611757360578915104e+07
1.572783093768363073e+07
1.535408673694562912e+07
1.499565762450179830e+07
1.465188948030039854e+07
1.432215619041188806e+07
1.400585844778032228e+07
1.370242260432812572e+07
1.341129957221516408e+07
1.313196377214738727e+07
1.286391212672019005e+07
1.260666309686812945e+07
1.235975575957510807e+07
1.212274892507816851e+07
1.189522029187377729e+07
1.167676563790778257e+07
1.146699804639971256e+07
1.126554716481819749e+07
1.107205849558806606e+07
1.088619271717023849e+07
1.070762503421384841e+07
1.053604455553568900e+07
1.037115369873533770e+07
1.021266762030547112e+07
1.006031367014551163e+07
9.913830869433756918e+06
9.772969410857621580e+06
9.637490180244700983e+06
9.507164298678167164e+06
9.381772684219364077e+06
9.261105632398001850e+06
9.144962414666268975e+06
9.033150894047660753e+06
8.925487157244186848e+06
8.821795162497218698e+06
8.721906402527369559e+06
8.625659581907704473e+06
8.532900308252226561e+06
8.443480796628069133e+06
8.357259586625093594e+06
8.274101271540937014e+06
8.193876239162683487e+06
8.116460423648578115e+06
8.041735068034462631e+06
7.969586496909977868e+06
7.899905898829055019e+06
7.832589118037831970e+06
7.767536455121053383e+06
7.704652476185009815e+06
7.643845830211498775e+06
7.585029074232910760e+06
7.528118505993519910e+06
7.473034003776416183e+06
7.419698873089224100e+06
7.368039699914937839e+06
7.317986210246715695e+06
7.269471135637545027e+06
7.222430084507246502e+06
7.176801418960244395e+06
7.132526136878136545e+06
7.089547759061204270e+06
7.047812221202646382e+06
7.007267770488576964e+06
6.967864866625763476e+06
6.929556087107418105e+06
6.892296036535652354e+06
6.856041259826812893e+06
6.820750159133465029e+06
6.786382914323878475e+06
6.752901406866632402e+06
6.720269146974598989e+06
6.688451203868659213e+06
6.657414139027622528e+06
6.627125942296435125e+06
6.597555970730308443e+06
6.568674890057586133e+06
6.540454618649251759e+06
6.512868273887680843e+06
6.485890120831966400e+06
6.459495523081410676e+06
6.433660895743109286e+06
6.408363660413489677e+06
6.383582202087586746e+06
6.359295827913497575e+06
6.335484727712990716e+06
6.312129936192676425e+06
6.289213296773307025e+06
6.266717426967938431e+06
6.244625685242619365e+06
6.222922139296142384e+06
6.201591535698057152e+06
6.180619270826821215e+06
6.159991363052383997e+06
6.139694426109937020e+06
6.119715643613809720e+06
6.100042744662702084e+06
6.080663980489490554e+06
6.061568102110934444e+06
6.042744338934400119e+06
6.024182378280667588e+06
6.005872345783583820e+06
5.987804786628981121e+06
5.969970647596989758e+06
5.952361259873270988e+06
5.934968322596281767e+06
5.917783887109065428e+06
5.900800341885356233e+06
5.884010398101163097e+06
5.867407075824183412e+06
5.850983690794557333e+06
5.834733841771706939e+06
5.818651398422950879e+06
5.802730489730727859e+06
5.786965492896245793e+06
5.771351022718225606e+06
5.755881921426494606e+06
5.740553248950852081e+06
5.725360273606644943e+06
5.710298463179175742e+06
5.695363476389860734e+06
5.680551154727799818e+06
5.665857514631124213e+06
5.651278740003107116e+06
5.636811175048753619e+06
5.622451317418088205e+06
5.608195811643067747e+06
5.594041442855484784e+06
5.579985130773884244e+06
5.566023923947940581e+06
5.552154994249273092e+06
5.538375631598167121e+06
5.524683238916074857e+06
5.511075327294241637e+06
5.497549511369197629e+06
5.484103504896260798e+06
5.470735116512577049e+06
5.457442245681554079e+06
5.444222878810966387e+06
5.431075085537252948e+06
5.417997015168907121e+06
5.404986893282167614e+06
5.392043018462439999e+06
5.379163759185261093e+06
5.366347550830789842e+06
5.353592892826130614e+06
5.340898345910013653e+06
5.328262529514577240e+06
5.315684119259249419e+06
5.303161844551933929e+06
5.290694486292900518e+06
5.278280874676959589e+06
5.265919887089763768e+06
5.253610446094148792e+06
5.241351517502697185e+06
5.229142108532821760e+06
5.216981266040821560e+06
5.204868074831558391e+06
5.192801656040476635e+06
5.180781165584907867e+06
5.168805792681665160e+06
5.156874758428102359e+06
5.144987314443920739e+06
5.133142741571106017e+06
5.121340348629531451e+06
5.109579471225829795e+06
5.097859470613241196e+06
5.086179732600284740e+06
5.074539666506126523e+06
5.062938704160683788e+06
5.051376298947509378e+06
5.039851924887659959e+06
5.028365075762763619e+06
5.016915264275640249e+06
5.005502021246826276e+06
4.994124894845506176e+06
4.982783449853355996e+06
4.971477266959884204e+06
4.960205942087942734e+06
4.948969085748102516e+06
4.937766322420643643e+06
4.926597289964021184e+06
4.915461639048613608e+06
4.904359032614728436e+06
4.893289145353786647e+06
4.882251663211707957e+06
4.871246282913548872e+06
4.860272711508486420e+06
4.849330665934253484e+06
4.838419872600224800e+06
4.827540066988334991e+06
4.816690993271064013e+06
4.805872403945777565e+06
4.795084059484695084e+06
4.784325727999841794e+06
4.773597184922328219e+06
4.762898212695347145e+06
4.752228600480299443e+06
4.741588143875493668e+06
4.730976644646869972e+06
4.720393910470241681e+06
4.709839754684563726e+06
4.699313996055732481e+06
4.688816458550516516e+06
4.678346971120116301e+06
4.667905367493009195e+06
4.657491485976621509e+06
4.647105169267498888e+06
4.636746264269582927e+06
4.626414621920246631e+06
4.616110097023779526e+06
4.605832548091975972e+06
4.595581837191531435e+06
4.585357829797976650e+06
4.575160394655831158e+06
4.564989403644739650e+06
4.554844731651326641e+06
4.544726256446521729e+06
4.534633858568119816e+06
4.524567421208359301e+06
4.514526830106301233e+06
4.504511973444789648e+06
4.494522741751834750e+06
4.484559027806172147e+06
4.474620726546876132e+06
4.464707734986823052e+06
4.454819952129831538e+06
4.444957278891360387e+06
4.435119618022566661e+06
4.425306874037613161e+06
4.415518953144065104e+06
4.405755763176267967e+06
4.396017213531543501e+06
4.386303215109121054e+06
4.376613680251656100e+06
4.366948522689251229e+06
4.357307657485853881e+06
4.347691000987925567e+06
4.338098470775315538e+06
4.328529985614207573e+06
4.318985465412070975e+06
4.309464831174530089e+06
4.299968004964065738e+06
4.290494909860470332e+06
4.281045469922976568e+06
4.271619610154007562e+06
4.262217256464447826e+06
4.252838335640406236e+06
4.243482775311369449e+06
4.234150503919720650e+06
4.224841450691543519e+06
4.215555545608656481e+06
4.206292719381842762e+06
4.197052903425210156e+06
4.187836029831620865e+06
4.178642031349182129e+06
4.169470841358713806e+06
4.160322393852171488e+06
4.151196623411983252e+06
4.142093465191255324e+06
4.133012854894809891e+06
4.123954728761024773e+06
4.114919023544436786e+06
4.105905676499071531e+06
4.096914625362485647e+06
4.087945808340464253e+06
4.078999164092370309e+06
4.070074631717105396e+06
4.061172150739662349e+06
4.052291661098225508e+06
4.043433103131833486e+06
4.034596417568540201e+06
4.025781545514069498e+06
4.016988428440956865e+06
4.008217008178127930e+06
3.999467226900914684e+06
3.990739027121491730e+06
3.982032351679706015e+06
3.973347143734278157e+06
3.964683346754380502e+06
3.956040904511559755e+06
3.947419761071982328e+06
3.938819860789013095e+06
3.930241148296093568e+06
3.921683568499906454e+06
3.913147066573830787e+06
3.904631587951656897e+06
3.896137078321562149e+06
3.887663483620326966e+06
3.879210750027792994e+06
3.870778823961541057e+06
3.862367652071787976e+06
3.853977181236483622e+06
3.845607358556611929e+06
3.837258131351675838e+06
3.828929447155369446e+06
3.820621253711414523e+06
3.812333498969572131e+06
3.804066131081801839e+06
3.795819098398588598e+06
3.787592349465394858e+06
3.779385833019274287e+06
3.771199497985600028e+06
3.763033293474928476e+06
3.754887168779987842e+06
3.746761073372779880e+06
3.738654956901791040e+06
3.730568769189322367e+06
3.722502460228905082e+06
3.714455980182826519e+06
3.706429279379752465e+06
3.698422308312427253e+06
3.690435017635470722e+06
3.682467358163251076e+06
3.674519280867848545e+06
3.666590736877074931e+06
3.658681677472587675e+06
3.650792054088056087e+06
3.642921818307404406e+06
3.635070921863113064e+06
3.627239316634585150e+06
3.619426954646568745e+06
3.611633788067637011e+06
3.603859769208712969e+06
3.596104850521668792e+06
3.588368984597938135e+06
3.580652124167216010e+06
3.572954222096171696e+06
3.565275231387220789e+06
3.557615105177332181e+06
3.549973796736883465e+06
3.542351259468540549e+06
3.534747446906187572e+06
3.527162312713879161e+06
3.519595810684839729e+06
3.512047894740478136e+06
3.504518518929452635e+06
3.497007637426741421e+06
3.489515204532769509e+06
3.482041174672534689e+06
3.474585502394779120e+06
3.467148142371175811e+06
3.459729049395541195e+06
3.452328178383074701e+06
3.444945484369611833e+06
3.437580922510903794e+06
3.430234448081915267e+06
3.422906016476143152e+06
3.415595583204953466e+06
3.408303103896929417e+06
3.401028534297249280e+06
3.393771830267067999e+06
3.386532947782913689e+06
3.379311842936121859e+06
3.372108471932251006e+06
3.364922791090526618e+06
3.357754756843313575e+06
3.350604325735570863e+06
3.343471454424345866e+06
3.336356099678260274e+06
3.329258218377021141e+06
3.322177767510935664e+06
3.315114704180431552e+06
3.308068985595604870e+06
3.301040569075752981e+06
3.294029412048939615e+06
3.287035472051546909e+06
3.280058706727858633e+06
3.273099073829632718e+06
3.266156531215691008e+06
3.259231036851510406e+06
3.252322548808830325e+06
3.245431025265256409e+06
3.238556424503878690e+06
3.231698704912890680e+06
3.224857824985221028e+06
3.218033743318156339e+06
3.211226418612995185e+06
3.204435809674681164e+06
3.197661875411455519e+06
3.190904574834511615e+06
3.184163867057657335e+06
3.177439711296970490e+06
3.170732066870475654e+06
3.164040893197812140e+06
3.157366149799912237e+06
3.150707796298683155e+06
3.144065792416684330e+06
3.137440097976826131e+06
3.130830672902053222e+06
3.124237477215040941e+06
3.117660471037898678e+06
3.111099614591865335e+06
3.104554868197015487e+06
3.098026192271968815e+06
3.091513547333598137e+06
3.085016893996744417e+06
3.078536192973932717e+06
3.072071405075083487e+06
3.065622491207248066e+06
3.059189412374314852e+06
3.052772129676748998e+06
3.046370604311310686e+06
3.039984797570789699e+06
3.033614670843736269e+06
3.027260185614194721e+06
3.020921303461442236e+06
3.014597986059721559e+06
3.008290195177985355e+06
3.001997892679635901e+06
2.995721040522268508e+06
2.989459600757418666e+06
2.983213535530304536e+06
2.976982807079579681e+06
2.970767377737077884e+06
2.964567209927571006e+06
2.958382266168516129e+06
2.952212509069811553e+06
2.946057901333553717e+06
2.939918405753791798e+06
2.933793985216288827e+06
2.927684602698277682e+06
2.921590221268224064e+06
2.915510804085589014e+06
2.909446314400591422e+06
2.903396715553971473e+06
2.897361970976755954e+06
2.891342044190029148e+06
2.885336898804691155e+06
2.879346498521237168e+06
2.873370807129519526e+06
2.867409788508523721e+06
2.861463406626136042e+06
2.855531625538917258e+06
2.849614409391879104e+06
2.843711722418254241e+06
2.837823528939275071e+06
2.831949793363947421e+06
2.826090480188832618e+06
2.820245553997820709e+06
2.814414979461908806e+06
2.808598721338985953e+06
2.802796744473608676e+06
2.797009013796786312e+06
2.791235494325758889e+06
2.785476151163783856e+06
2.779730949499918148e+06
2.773999854608802591e+06
2.768282831850446761e+06
2.762579846670015249e+06
2.756890864597614855e+06
2.751215851248081774e+06
2.745554772320768796e+06
2.739907593599334825e+06
2.734274280951530673e+06
2.728654800328996964e+06
2.723049117767049931e+06
2.717457199384469539e+06
2.711879011383296456e+06
2.706314520048625767e+06
2.700763691748395097e+06
2.695226492933182511e+06
2.689702890136000235e+06
2.684192849972087890e+06
2.678696339138711337e+06
2.673213324414955918e+06
2.667743772661527619e+06
2.662287650820543058e+06
2.656844925915339962e+06
2.651415565050261095e+06
2.645999535410465673e+06
2.640596804261723533e+06
2.635207338950214442e+06
2.629831106902334373e+06
2.624468075624492019e+06
2.619118212702911813e+06
2.613781485803439282e+06
2.608457862671342678e+06
2.603147311131114140e+06
2.597849799086278304e+06
2.592565294519193470e+06
2.587293765490860678e+06
2.582035180140725803e+06
2.576789506686486769e+06
2.571556713423904032e+06
2.566336768726602197e+06
2.561129641045881901e+06
2.555935298910527956e+06
2.550753710926615633e+06
2.545584845777325332e+06
2.540428672222745139e+06
2.535285159099687822e+06
2.530154275321500376e+06
2.525035989877869375e+06
2.519930271834644023e+06
2.514837090333637781e+06
2.509756414592447691e+06
2.504688213904267177e+06
2.499632457637696061e+06
2.494589115236558486e+06
2.489558156219717581e+06
2.484539550180887803e+06
2.479533266788456589e+06
2.474539275785292499e+06
2.469557546988568269e+06
2.464588050289575942e+06
2.459630755653546192e+06
2.454685633119460661e+06
2.449752652799878269e+06
2.444831784880748019e+06
2.439922999621232972e+06
2.435026267353526782e+06
2.430141558482676744e+06
2.425268843486402649e+06
2.420408092914920300e+06
2.415559277390758973e+06
2.410722367608588189e+06
2.405897334335039370e+06
2.401084148408527020e+06
2.396282780739073642e+06
2.391493202308135107e+06
2.386715384168419987e+06
2.381949297443720512e+06
2.377194913328736089e+06
2.372452203088894952e+06
2.367721138060186058e+06
2.363001689648983069e+06
2.358293829331869725e+06
2.353597528655470349e+06
2.348912759236278478e+06
2.344239492760478985e+06
2.339577700983783230e+06
2.334927355731256772e+06
2.330288428897146601e+06
2.325660892444713507e+06
2.321044718406061176e+06
2.316439878881969489e+06
2.311846346041720826e+06
2.307264092122938484e+06
2.302693089431412518e+06
2.298133310340935830e+06
2.293584727293137461e+06
2.289047312797312159e+06
2.284521039430259727e+06
2.280005879836113192e+06
2.275501806726179086e+06
2.271008792878768407e+06
2.266526811139032710e+06
2.262055834418803453e+06
2.257595835696421564e+06
2.253146788016581908e+06
2.248708664490162395e+06
2.244281438294069842e+06
2.239865082671068609e+06
2.235459570929626469e+06
2.231064876443749759e+06
2.226680972652823199e+06
2.222307833061447367e+06
2.217945431239283178e+06
2.213593740820887499e+06
2.209252735505553428e+06
2.204922389057157561e+06
2.200602675303995609e+06
2.196293568138623610e+06
2.191995041517704725e+06
2.187707069461847655e+06
2.183429626055452507e+06
2.179162685446552932e+06
2.174906221846658736e+06
2.170660209530602209e+06
2.166424622836380266e+06
2.162199436165002640e+06
2.157984623980332166e+06
2.153780160808935761e+06
2.149586021239926107e+06
2.145402179924811237e+06
2.141228611577341799e+06
2.137065290973351337e+06
2.132912192950614262e+06
2.128769292408685200e+06
2.124636564308752306e+06
2.120513983673481736e+06
2.116401525586872362e+06
2.112299165194099769e+06
2.108206877701368183e+06
2.104124638375760987e+06
2.100052422545090783e+06
2.095990205597750144e+06
2.091937962982563302e+06
2.087895670208637137e+06
2.083863302845213562e+06
2.079840836521521676e+06
2.075828246926630381e+06
2.071825509809303097e+06
2.067832600977846887e+06
2.063849496299971361e+06
2.059876171702641295e+06
2.055912603171925293e+06
2.051958766752862372e+06
2.048014638549305964e+06
2.044080194723784924e+06
2.040155411497360561e+06
2.036240265149478335e+06
2.032334732017828384e+06
2.028438788498200942e+06
2.024552411044344306e+06
2.020675576167821186e+06
2.016808260437868768e+06
2.012950440481254132e+06
2.009102092982138041e+06
2.005263194681928027e+06
2.001433722379142651e+06
1.997613652929267380e+06
1.993802963244617451e+06
1.990001630294198403e+06
1.986209631103564519e+06
1.982426942754681455e+06
1.978653542385789566e+06
1.974889407191260951e+06
1.971134514421467669e+06
1.967388841382638784e+06
1.963652365436725318e+06
1.959925064001265448e+06
1.956206914549244568e+06
1.952497894608961651e+06
1.948797981763891177e+06
1.945107153652551817e+06
1.941425387968366267e+06
1.937752662459528539e+06
1.934088954928870546e+06
1.930434243233726360e+06
1.926788505285798805e+06
1.923151719051026739e+06
1.919523862549451645e+06
1.915904913855083752e+06
1.912294851095770020e+06
1.908693652453062357e+06
1.905101296162085608e+06
1.901517760511406232e+06
1.897943023842900991e+06
1.894377064551624004e+06
1.890819861085681245e+06
1.887271391946092714e+06
1.883731635686670663e+06
1.880200570913884789e+06
1.876678176286733942e+06
1.873164430516617373e+06
1.869659312367207371e+06
1.866162800654318649e+06
1.862674874245781451e+06
1.859195512061314192e+06
1.855724693072396331e+06
1.852262396302138688e+06
1.848808600825160043e+06
1.845363285767458845e+06
1.841926430306287482e+06
1.838498013670025859e+06
1.835078015138056595e+06
1.831666414040640462e+06
1.828263189758788794e+06
1.824868321724142181e+06
1.821481789418843808e+06
1.818103572375416057e+06
1.814733650176637806e+06
1.811372002455418929e+06
1.808018608894679695e+06
1.804673449227226898e+06
1.801336503235629993e+06
1.798007750752100721e+06
1.794687171658371110e+06
1.791374745885571465e+06
1.788070453414106974e+06
1.784774274273542687e+06
1.781486188542474527e+06
1.778206176348416600e+06
1.774934217867675703e+06
1.771670293325234670e+06
1.768414382994632237e+06
1.765166467197841033e+06
1.761926526305153267e+06
1.758694540735058719e+06
1.755470490954127396e+06
1.752254357476892415e+06
1.749046120865730569e+06
1.745845761730745435e+06
1.742653260729650036e+06
1.739468598567652050e+06
1.736291755997334141e+06
1.733122713818538236e+06
1.729961452878252137e+06
1.726807954070489854e+06
1.723662198336178903e+06
1.720524166663045064e+06
1.717393840085494565e+06
1.714271199684504420e+06
1.711156226587502286e+06
1.708048901968257967e+06
1.704949207046764903e+06
1.701857123089130968e+06
1.698772631407461362e+06
1.695695713359747315e+06
1.692626350349754561e+06
1.689564523826909484e+06
1.686510215286186431e+06
1.683463406267999206e+06
1.680424078358084429e+06
1.677392213187395129e+06
1.674367792431985261e+06
1.671350797812902601e+06
1.668341211096078157e+06
1.665339014092211844e+06
1.662344188656668412e+06
1.659356716689361725e+06
1.656376580134651158e+06
1.653403760981227737e+06
1.650438241262009367e+06
1.647480003054027678e+06
1.644529028478324879e+06
1.641585299699840136e+06
1.638648798927307129e+06
1.635719508413142990e+06
1.632797410453342367e+06
1.629882487387369853e+06
1.626974721598053584e+06
1.624074095511479303e+06
1.621180591596882790e+06
1.618294192366545089e+06
1.615414880375686567e+06
1.612542638222360983e+06
1.609677448547352105e+06
1.606819294034064980e+06
1.603968157408426050e+06
1.601124021438774187e+06
1.598286868935759645e+06
1.595456682752240449e+06
1.592633445783175761e+06
1.589817140965525061e+06
1.587007751278144773e+06
1.584205259741683491e+06
1.581409649418481858e+06
1.578620903412469197e+06
1.575839004869061057e+06
1.573063936975058168e+06
1.570295682958542369e+06
1.567534226088779047e+06
1.564779549676112831e+06
1.562031637071868870e+06
1.559290471668250859e+06
1.556556036898241611e+06
1.553828316235501785e+06
1.551107293194271158e+06
1.548392951329268049e+06
1.545685274235590594e+06
1.542984245548618259e+06
1.540289848943910562e+06
1.537602068137110444e+06
1.534920886883845553e+06
1.532246288979630452e+06
1.529578258259766269e+06
1.526916778599246638e+06
1.524261833912657574e+06
1.521613408154080855e+06
1.518971485316997860e+06
1.516336049434190849e+06
1.513707084577649832e+06
1.511084574858473148e+06
1.508468504426773638e+06
1.505858857471579686e+06
1.503255618220743956e+06
1.500658770940844435e+06
1.498068299937092699e+06
1.495484189553234726e+06
1.492906424171460094e+06
1.490334988212307915e+06
1.487769866134565789e+06
1.485211042435186449e+06
1.482658501649187179e+06
1.480112228349555749e+06
1.477572207147161942e+06
1.475038422690660693e+06
1.472510859666399658e+06
1.469989502798329107e+06
1.467474336847907398e+06
1.464965346614009235e+06
1.462462516932833940e+06
1.459965832677814411e+06
1.457475278759524459e+06
1.454990840125589631e+06
1.452512501760593150e+06
1.450040248685987899e+06
1.447574065960006788e+06
1.445113938677566359e+06
1.442659851970184594e+06
1.440211791005886393e+06
1.437769740989113459e+06
1.435333687160639092e+06
1.432903614797474351e+06
1.430479509212781675e+06
1.428061355755784782e+06
1.425649139811682515e+06
1.423242846801556181e+06
1.420842462182286195e+06
1.418447971446460346e+06
1.416059360122289974e+06
1.413676613773517776e+06
1.411299717999335378e+06
1.408928658434291836e+06
1.406563420748211443e+06
1.404203990646102000e+06
1.401850353868073784e+06
1.399502496189248981e+06
1.397160403419677634e+06
1.394824061404251726e+06
1.392493456022619735e+06
1.390168573189101880e+06
1.387849398852603044e+06
1.385535918996528955e+06
1.383228119638702599e+06
1.380925986831278307e+06
1.378629506660657469e+06
1.376338665247404482e+06
1.374053448746164795e+06
1.371773843345578294e+06
1.369499835268196184e+06
1.367231410770400893e+06
1.364968556142320391e+06
1.362711257707743905e+06
1.360459501824043458e+06
1.358213274882087484e+06
1.355972563306160504e+06
1.353737353553881170e+06
1.351507632116120309e+06
1.349283385516916867e+06
1.347064600313401781e+06
1.344851263095709961e+06
1.342643360486906255e+06
1.340440879142898368e+06
1.338243805752359796e+06
1.336052127036650199e+06
1.333865829749730881e+06
1.331684900678088889e+06
1.329509326640655519e+06
1.327339094488726230e+06
1.325174191105881706e+06
1.323014603407909395e+06
1.320860318342722254e+06
1.318711322890282841e+06
1.316567604062522296e+06
1.314429148903261637e+06
1.312295944488136331e+06
1.310167977924513165e+06
1.308045236351419240e+06
1.305927706939457217e+06
1.303815376890732674e+06
1.301708233438774012e+06
1.299606263848457485e+06
1.297509455415927805e+06
1.295417795468523167e+06
1.293331271364698419e+06
1.291249870493948460e+06
1.289173580276730470e+06
1.287102388164391275e+06
1.285036281639087945e+06
1.282975248213715153e+06
1.280919275431827176e+06
1.278868350867564790e+06
1.276822462125577033e+06
1.274781596840951592e+06
1.272745742679134011e+06
1.270714887335857609e+06
1.268689018537065946e+06
1.266668124038842740e+06
1.264652191627332941e+06
1.262641209118671948e+06
1.260635164358911803e+06
1.258634045223947149e+06
1.256637839619441424e+06
1.254646535480755148e+06
1.252660120772871887e+06
1.250678583490325604e+06
1.248701911657129647e+06
1.246730093326700851e+06
1.244763116581791546e+06
1.242800969534414820e+06
1.240843640325773507e+06
1.238891117126188707e+06
1.236943388135027373e+06
1.235000441580632003e+06
1.233062265720248688e+06
1.231128848839957733e+06
1.229200179254600778e+06
1.227276245307711419e+06
1.225357035371443490e+06
1.223442537846503546e+06
1.221532741162077757e+06
1.219627633775762515e+06
1.217727204173496692e+06
1.215831440869490150e+06
1.213940332406155765e+06
1.212053867354037007e+06
1.210172034311742755e+06
1.208294821905877208e+06
1.206422218790969346e+06
1.204554213649406563e+06
1.202690795191365527e+06
1.200831952154743019e+06
1.198977673305089818e+06
1.197127947435540613e+06
1.195282763366748113e+06
1.193442109946813900e+06
1.191605976051222999e+06
1.189774350582774263e+06
1.187947222471514950e+06
1.186124580674674362e+06
1.184306414176594233e+06
1.182492711988664931e+06
1.180683463149259100e+06
1.178878656723662745e+06
1.177078281804013299e+06
1.175282327509228140e+06
1.173490782984944293e+06
1.171703637403449044e+06
1.169920879963617772e+06
1.168142499890845269e+06
1.166368486436982173e+06
1.164598828880271409e+06
1.162833516525280196e+06
1.161072538702839287e+06
1.159315884769974276e+06
1.157563544109844603e+06
1.155815506131678121e+06
1.154071760270706844e+06
1.152332295988104772e+06
1.150597102770920377e+06
1.148866170132017694e+06
1.147139487610009732e+06
1.145417044769196305e+06
1.143698831199501641e+06
1.141984836516410811e+06
1.140275050360905472e+06
1.138569462399403797e+06
1.136868062323698308e+06
1.135170839850888820e+06
1.133477784723326564e+06
1.131788886708548525e+06
1.130104135599216213e+06
1.128423521213053958e+06
1.126747033392787445e+06
1.125074662006083876e+06
1.123406396945487242e+06
1.121742228128360352e+06
1.120082145496823359e+06
1.118426139017690904e+06
1.116774198682414601e+06
1.115126314507020172e+06
1.113482476532048080e+06
1.111842674822492758e+06
1.110206899467744166e+06
1.108575140581524931e+06
1.106947388301833766e+06
1.105323632790883537e+06
1.103703864235044224e+06
1.102088072844780050e+06
1.100476248854593839e+06
1.098868382522966014e+06
1.097264464132295456e+06
1.095664483988843393e+06
1.094068432422671933e+06
1.092476299787586788e+06
1.090888076461077668e+06
